\begin{table}
    \centering
    \tiny
    
    \begin{tabular}{llrrrr}
    \toprule
    Model & Suite & \textbf{Theme} & Topic & Concept & Sum \\
    \midrule
    Llama-70B & 6-pos-expl & 0.949 & 0.972 & 0.859 & 2.780 \\
    Qwen3-32B & 6-mix-expl & 0.946 & 0.971 & 0.787 & 2.704 \\
    Mistral-24B & 6-mix-expl & 0.903 & 0.905 & 0.790 & 2.598 \\
    Llama-8B & 6-pos-expl & 0.863 & 0.918 & 0.898 & 2.679 \\
    Qwen3-8B & 0-non-expl & 0.851 & 0.897 & 0.718 & 2.466 \\
    Mistral-7B & 6-mix-expl & 0.770 & 0.799 & 0.786 & 2.355 \\
    \bottomrule
    \end{tabular}
    \quad
    \begin{tabular}{llrrrr}
    \toprule
    Model & Suite & Theme & \textbf{Topic} & Concept & Sum \\
    \midrule
    Llama-70B & 6-pos-expl & 0.949 & 0.972 & 0.859 & 2.780 \\
    Qwen3-32B & 6-mix-expl & 0.946 & 0.971 & 0.787 & 2.704 \\
    Llama-8B & 6-pos-expl & 0.863 & 0.918 & 0.898 & 2.679 \\
    Mistral-24B & 6-mix-expl & 0.903 & 0.905 & 0.790 & 2.598 \\
    Qwen3-8B & 0-non-expl & 0.851 & 0.897 & 0.718 & 2.466 \\
    Mistral-7B & 6-mix-expl & 0.770 & 0.799 & 0.786 & 2.355 \\
    \bottomrule
    \end{tabular}

    \quad
    
    \begin{tabular}{llrrrr}
    \toprule
    Model & Suite & Theme & Topic & \textbf{Concept} & Sum \\
    \midrule
    Llama-8B & 6-pos-expl & 0.863 & 0.918 & 0.898 & 2.679 \\
    Llama-70B & 6-pos-expl & 0.949 & 0.972 & 0.859 & 2.780 \\
    Mistral-24B & 6-mix-expl & 0.903 & 0.905 & 0.790 & 2.598 \\
    Qwen3-32B & 6-mix-expl & 0.946 & 0.971 & 0.787 & 2.704 \\
    Mistral-7B & 6-mix-expl & 0.770 & 0.799 & 0.786 & 2.355 \\
    Qwen3-8B & 0-non-expl & 0.851 & 0.897 & 0.718 & 2.466 \\
    \bottomrule
    \end{tabular}
    \quad
    \begin{tabular}{llrrrr}
    \toprule
    Model & Suite & Theme & Topic & Concept & \textbf{Sum} \\
    \midrule
    Llama-70B & 6-pos-expl & 0.949 & 0.972 & 0.859 & 2.780 \\
    Qwen3-32B & 6-mix-expl & 0.946 & 0.971 & 0.787 & 2.704 \\
    Llama-8B & 6-pos-expl & 0.863 & 0.918 & 0.898 & 2.679 \\
    Mistral-24B & 6-mix-expl & 0.903 & 0.905 & 0.790 & 2.598 \\
    Qwen3-8B & 0-non-expl & 0.851 & 0.897 & 0.718 & 2.466 \\
    Mistral-7B & 6-mix-expl & 0.770 & 0.799 & 0.786 & 2.355 \\
    \bottomrule
    \end{tabular}
    
    \caption{Top F1 scores per each model, sorted by bolded metric}
    \label{tab:placeholder}
\end{table}